workspaces:
- id: 01KX67AKEXGNGM4C9N5PC2J6NM
  name: ISE
  items:
  - note_id: 01KX671DATY39VW6GWK3M2T3DN
    x: 127.51953125
    y: 151.05078125
  - note_id: 01KX6DK8PX9SQRVRFX2JAF86N8
    x: 123.31640625
    y: 339.3515625
  - note_id: 01KWXTMDS43GWMZBQE81EJ5REV
    x: 16.0
    y: 16.0
  - note_id: 01KX6VYAJEN6473MY7YV0N8NNR
    x: 136.0
    y: 16.0
  - note_id: 01KX6VYSWX5YQ7GB57JH8AT6XK
    x: 256.0
    y: 16.0
