workspaces:
- id: 01KX67AKEXGNGM4C9N5PC2J6NM
  name: ISE
  items:
  - note_id: 01KX671DATY39VW6GWK3M2T3DN
    x: 79.85546875
    y: 53.30078125
  - note_id: 01KX8195WAKJTNNPHC7XX37F43
    x: 80.8984375
    y: 168.53515625
  - note_id: 01KX85DHVQ95AWEDW7JFXBQR12
    x: 330.71875
    y: 394.390625
  - note_id: 01KX86BC392JTNDDFAJZYS017S
    x: 779.0
    y: 265.453125
