workspaces:
- id: 01KX67AKEXGNGM4C9N5PC2J6NM
  name: ISE
  items:
  - note_id: 01KX671DATY39VW6GWK3M2T3DN
    x: 153.07421875
    y: 130.16015625
  - note_id: 01KX6ASHQ97KKQGPBVVPZ30EAW
    x: 472.0
    y: 250.046875
