workspaces:
- id: 01KX67AKEXGNGM4C9N5PC2J6NM
  name: ISE
  items:
  - note_id: 01KX671DATY39VW6GWK3M2T3DN
    x: 127.51953125
    y: 151.05078125
  - note_id: 01KX6DK8PX9SQRVRFX2JAF86N8
    x: 123.31640625
    y: 339.3515625
