workspaces:
- id: 01KX67AKEXGNGM4C9N5PC2J6NM
  name: Project ISE
  items:
  - note_id: 01KX671DATY39VW6GWK3M2T3DN
    x: 71.3125
    y: 53.30078125
  - note_id: 01KX8195WAKJTNNPHC7XX37F43
    x: 79.41015625
    y: 209.3046875
  - note_id: 01KX86FSKSA2F3141WENVYRWS0
    x: 703.7109375
    y: 80.9296875
    w: 379.56640625
    h: 306.1953125
  - note_id: 01KXT4A5327YG17ECNF60D4KC8
    x: 75.9921875
    y: 347.6875
  - note_id: 01KXWTNNR6WW2782PBJVYEBBW4
    x: 469.0
    y: 69.453125
- id: 01KX8EBEADG6T6CVCB9JD31S8H
  name: New workspace
  items: []
