workspaces:
- id: 01KX67AKEXGNGM4C9N5PC2J6NM
  name: Project ISE
  items:
  - note_id: 01KX671DATY39VW6GWK3M2T3DN
    x: 79.85546875
    y: 53.30078125
  - note_id: 01KX8195WAKJTNNPHC7XX37F43
    x: 79.41015625
    y: 209.3046875
  - note_id: 01KX86FSKSA2F3141WENVYRWS0
    x: 383.6171875
    y: 261.94921875
    w: 241.91015625
    h: 207.66015625
  - note_id: 01KXT4A5327YG17ECNF60D4KC8
    x: 75.9921875
    y: 347.6875
- id: 01KX8EBEADG6T6CVCB9JD31S8H
  name: New workspace
  items: []
