workspaces:
- id: 01KX67AKEXGNGM4C9N5PC2J6NM
  name: Project ISE
  items:
  - note_id: 01KX671DATY39VW6GWK3M2T3DN
    x: 79.85546875
    y: 53.30078125
  - note_id: 01KX8195WAKJTNNPHC7XX37F43
    x: 446.109375
    y: 313.54296875
  - note_id: 01KX85DHVQ95AWEDW7JFXBQR12
    x: 330.71875
    y: 394.390625
  - note_id: 01KX86BC392JTNDDFAJZYS017S
    x: 779.0
    y: 265.453125
  - note_id: 01KX86FSKSA2F3141WENVYRWS0
    x: 312.63671875
    y: 51.1328125
    w: 241.91015625
    h: 207.66015625
- id: 01KX8EBEADG6T6CVCB9JD31S8H
  name: New workspace
  items: []
